ETITLE:      TS           BOND          ANGLE          DIHED          IMPRP               ELECT            VDW       BOUNDARY           MISC        KINETIC               TOTAL           TEMP      POTENTIAL         TOTAL3        TEMPAVG            PRESSURE      GPRESSURE         VOLUME       PRESSAVG      GPRESSAVG
ENERGY:       0         0.0000         0.0000         0.0000         0.0000          -5537.6013       361.0528         0.0000         0.0000       944.6154          -4231.9331       300.0960     -5176.5485     -4230.0369       300.0960          -3055.3307     -3046.5865     22851.6551     -3055.3307     -3046.5865
ENERGY:     500         0.0000         0.0000         0.0000         0.0000          -5461.1792       466.1667         0.0000         0.0000      1008.4147          -3986.5978       320.3645     -4995.0125     -3983.6402       325.2896            754.1825       780.1995     22851.6551      -921.6206      -922.4927
ENERGY:    1000         0.0000         0.0000         0.0000         0.0000          -5556.9359       487.2576         0.0000         0.0000      1106.7076          -3962.9708       351.5913     -5069.6784     -3959.7602       328.5591            122.0616       141.4952     22851.6551       973.5342       973.0062
ENERGY:    1500         0.0000         0.0000         0.0000         0.0000          -5533.8113       519.7980         0.0000         0.0000       987.6047          -4026.4086       313.7534     -5014.0133     -4023.2870       326.5331           1106.7873      1136.9392     22851.6551      1313.6084      1313.2551
ENERGY:    2000         0.0000         0.0000         0.0000         0.0000          -5601.5886       549.7913         0.0000         0.0000      1009.0056          -4042.7917       320.5522     -5051.7972     -4040.2724       324.1051           1007.7628      1029.0204     22851.6551      1179.6346      1180.1186
ENERGY:    2500         0.0000         0.0000         0.0000         0.0000          -5574.7484       545.4924         0.0000         0.0000       979.7843          -4049.4717       311.2689     -5029.2560     -4048.2510       317.6177           1544.3587      1573.7403     22851.6551       977.0982       976.9950
ENERGY:    3000         0.0000         0.0000         0.0000         0.0000          -5591.8538       534.8168         0.0000         0.0000       994.1501          -4062.8868       315.8328     -5057.0369     -4060.5340       313.2264           1815.4884      1822.5539     22851.6551      1490.6301      1490.3261
ENERGY:    3500         0.0000         0.0000         0.0000         0.0000          -5586.5113       552.8043         0.0000         0.0000      1002.7635          -4030.9435       318.5691     -5033.7070     -4029.1053       315.5578           2334.0719      2343.0956     22851.6551      1861.3122      1861.2871
ENERGY:    4000         0.0000         0.0000         0.0000         0.0000          -5590.6157       561.4816         0.0000         0.0000      1028.4816          -4000.6525       326.7396     -5029.1341     -3998.8300       320.9056           3300.3908      3316.1899     22851.6551      2638.1101      2638.1108
ENERGY:    4500         0.0000         0.0000         0.0000         0.0000          -5591.7556       575.2810         0.0000         0.0000       977.2762          -4039.1984       310.4721     -5016.4746     -4036.9286       321.9767           3589.7491      3600.5857     22851.6551      3274.6478      3274.1540
ENERGY:    5000         0.0000         0.0000         0.0000         0.0000          -5622.4156       556.2311         0.0000         0.0000      1018.3643          -4047.8202       323.5254     -5066.1844     -4045.0533       319.0237           3128.4378      3134.5608     22851.6551      3214.0524      3213.9455
ENERGY:    5500         0.0000         0.0000         0.0000         0.0000          -5573.4998       538.6220         0.0000         0.0000       989.2474          -4045.6304       314.2752     -5034.8778     -4043.5525       317.1247           3532.7221      3564.1545     22851.6551      3375.6085      3375.3782
ENERGY:    6000         0.0000         0.0000         0.0000         0.0000          -5567.1868       522.7656         0.0000         0.0000       961.9662          -4082.4550       305.6082     -5044.4212     -4081.5762       312.9705           3230.0373      3255.3242     22851.6551      3227.6186      3227.2701
ENERGY:    6500         0.0000         0.0000         0.0000         0.0000          -5702.2584       559.1341         0.0000         0.0000       996.1062          -4147.0181       316.4542     -5143.1243     -4143.7600       310.7119           3461.2459      3478.7515     22851.6551      3682.2239      3681.6774
ENERGY:    7000         0.0000         0.0000         0.0000         0.0000          -5730.2941       625.1826         0.0000         0.0000       967.9486          -4137.1629       307.5088     -5105.1115     -4134.5509       308.6320           4255.1695      4265.1474     22851.6551      4377.9470      4377.4149
ENERGY:    7500         0.0000         0.0000         0.0000         0.0000          -5667.4706       532.5790         0.0000         0.0000       956.7910          -4178.1006       303.9641     -5134.8916     -4175.8533       308.0025           3753.4931      3785.1946     22851.6551      4146.2233      4145.5829
ENERGY:    8000         0.0000         0.0000         0.0000         0.0000          -5729.9654       592.8880         0.0000         0.0000       952.7675          -4184.3100       302.6859     -5137.0774     -4181.7548       302.7198           4111.0622      4121.5716     22851.6551      4222.4177      4222.8767
ENERGY:    8500         0.0000         0.0000         0.0000         0.0000          -5653.1927       581.9167         0.0000         0.0000       911.9901          -4159.2859       289.7312     -5071.2760     -4157.3527       303.4174           4662.4630      4676.6679     22851.6551      4472.7808      4472.2934
ENERGY:    9000         0.0000         0.0000         0.0000         0.0000          -5673.0115       588.8519         0.0000         0.0000       928.2820          -4155.8776       294.9070     -5084.1596     -4153.7327       306.3559           4807.8181      4817.3583     22851.6551      4654.6359      4654.2220
ENERGY:    9500         0.0000         0.0000         0.0000         0.0000          -5691.6663       522.5288         0.0000         0.0000       985.6160          -4183.5215       313.1216     -5169.1375     -4181.2653       302.6487           3502.8610      3523.9445     22851.6551      4067.4776      4067.1693
ENERGY:   10000         0.0000         0.0000         0.0000         0.0000          -5693.5061       565.6196         0.0000         0.0000       981.4557          -4146.4307       311.7999     -5127.8865     -4144.0948       307.3989           5172.4246      5185.9476     22851.6551      4747.1507      4747.0381
ENERGY:   10500         0.0000         0.0000         0.0000         0.0000          -5722.2605       632.5536         0.0000         0.0000       988.9469          -4100.7599       314.1798     -5089.7069     -4097.1825       310.8138           5713.7331      5726.6001     22851.6551      5349.3579      5348.9439
ENERGY:   11000         0.0000         0.0000         0.0000         0.0000          -5687.4560       590.9250         0.0000         0.0000       959.0841          -4137.4469       304.6926     -5096.5309     -4134.8633       313.8435           5505.9882      5526.1209     22851.6551      4922.1632      4921.9456
ENERGY:   11500         0.0000         0.0000         0.0000         0.0000          -5640.7006       558.4538         0.0000         0.0000       974.0495          -4108.1974       309.4470     -5082.2469     -4104.9820       312.5308           5202.5407      5224.6528     22851.6551      5238.7080      5238.9387
ENERGY:   12000         0.0000         0.0000         0.0000         0.0000          -5615.3358       515.8627         0.0000         0.0000       969.2524          -4130.2206       307.9230     -5099.4731     -4128.0014       312.5388           4941.0146      4968.8641     22851.6551      5532.6759      5532.2708
ENERGY:   12500         0.0000         0.0000         0.0000         0.0000          -5600.1235       510.1943         0.0000         0.0000       963.8641          -4126.0650       306.2112     -5089.9291     -4123.5957       308.5647           4568.5094      4582.9074     22851.6551      4803.7759      4803.7238
ENERGY:   13000         0.0000         0.0000         0.0000         0.0000          -5674.2377       594.5639         0.0000         0.0000       954.2591          -4125.4147       303.1597     -5079.6738     -4122.3346       310.1065           5913.0728      5935.4933     22851.6551      5511.1960      5511.0614
ENERGY:   13500         0.0000         0.0000         0.0000         0.0000          -5683.6271       590.7806         0.0000         0.0000       953.1259          -4139.7206       302.7997     -5092.8465     -4137.9560       306.4348           5958.4220      5987.8030     22851.6551      5921.6821      5921.3897
ENERGY:   14000         0.0000         0.0000         0.0000         0.0000          -5625.9098       533.3971         0.0000         0.0000       932.3640          -4160.1487       296.2038     -5092.5127     -4158.4960       304.4611           5079.8182      5100.5930     22851.6551      5063.1982      5062.7278
ENERGY:   14500         0.0000         0.0000         0.0000         0.0000          -5686.1593       585.8420         0.0000         0.0000       939.3892          -4160.9280       298.4357     -5100.3173     -4159.9467       304.3050           6403.2493      6427.7814     22851.6551      5904.1988      5904.2372
ENERGY:   15000         0.0000         0.0000         0.0000         0.0000          -5720.0020       584.1729         0.0000         0.0000       965.5274          -4170.3016       306.7396     -5135.8291     -4168.2676       303.3198           5885.0666      5900.3755     22851.6551      5415.9603      5415.7459
ENERGY:   15500         0.0000         0.0000         0.0000         0.0000          -5692.2980       586.6562         0.0000         0.0000       984.8790          -4120.7628       312.8874     -5105.6418     -4117.8874       309.0220           6639.9964      6650.5917     22851.6551      6386.8507      6386.6280
ENERGY:   16000         0.0000         0.0000         0.0000         0.0000          -5660.4746       610.1396         0.0000         0.0000       961.9059          -4088.4292       305.5890     -5050.3351     -4085.6655       313.6390           7737.3800      7744.0389     22851.6551      6579.3668      6579.3033
ENERGY:   16500         0.0000         0.0000         0.0000         0.0000          -5689.9771       593.6466         0.0000         0.0000       987.8354          -4108.4951       313.8266     -5096.3305     -4106.1140       313.8820           7316.1105      7343.8329     22851.6551      7020.2591      7019.9384
ENERGY:   17000         0.0000         0.0000         0.0000         0.0000          -5688.8877       574.0537         0.0000         0.0000      1003.9421          -4110.8919       318.9436     -5114.8340     -4108.7647       312.7966           6862.8884      6883.9350     22851.6551      7158.9523      7158.8091
ENERGY:   17500         0.0000         0.0000         0.0000         0.0000          -5690.0720       574.7547         0.0000         0.0000       995.5286          -4119.7887       316.2707     -5115.3173     -4117.2584       314.5779           7058.9637      7081.0152     22851.6551      6914.5931      6914.4117
ENERGY:   18000         0.0000         0.0000         0.0000         0.0000          -5642.2041       531.7349         0.0000         0.0000       945.4510          -4165.0183       300.3615     -5110.4692     -4161.2166       311.6720           6459.7182      6483.5766     22851.6551      7372.9708      7372.9123
ENERGY:   18500         0.0000         0.0000         0.0000         0.0000          -5738.8194       623.1782         0.0000         0.0000       942.8372          -4172.8039       299.5311     -5115.6411     -4170.2782       305.7175           7432.4168      7460.9642     22851.6551      7132.0133      7131.9132
ENERGY:   19000         0.0000         0.0000         0.0000         0.0000          -5764.5235       612.1425         0.0000         0.0000       952.2233          -4200.1576       302.5130     -5152.3810     -4198.3441       301.7230           7092.1142      7088.3235     22851.6551      6884.2738      6883.9648
ENERGY:   19500         0.0000         0.0000         0.0000         0.0000          -5733.8643       596.8862         0.0000         0.0000       975.7237          -4161.2544       309.9788     -5136.9781     -4159.8815       300.0126           7104.4857      7123.3070     22851.6551      6808.6712      6808.7522
ENERGY:   20000         0.0000         0.0000         0.0000         0.0000          -5724.6387       587.6341         0.0000         0.0000       989.5752          -4147.4294       314.3793     -5137.0046     -4144.6023       307.6414           6993.0222      7010.0091     22851.6551      7142.2491      7142.1525
ENERGY:   20500         0.0000         0.0000         0.0000         0.0000          -5639.0275       536.2299         0.0000         0.0000       949.6018          -4153.1958       301.6801     -5102.7976     -4150.7833       302.2363           7339.9533      7351.8787     22851.6551      6732.5085      6732.3141
ENERGY:   21000         0.0000         0.0000         0.0000         0.0000          -5609.7952       517.7276         0.0000         0.0000       971.6978          -4120.3698       308.6999     -5092.0676     -4118.3593       308.6549           6590.4596      6614.7137     22851.6551      7010.3116      7009.9764
ENERGY:   21500         0.0000         0.0000         0.0000         0.0000          -5675.8746       584.9217         0.0000         0.0000      1001.9328          -4089.0201       318.3053     -5090.9529     -4086.5550       307.8449           8175.9280      8197.6424     22851.6551      7505.9616      7505.3468
ENERGY:   22000         0.0000         0.0000         0.0000         0.0000          -5601.6114       559.0892         0.0000         0.0000       950.1659          -4092.3563       301.8594     -5042.5222     -4090.2246       311.1664           7309.5024      7333.0291     22851.6551      7665.8667      7665.2870
ENERGY:   22500         0.0000         0.0000         0.0000         0.0000          -5628.1660       569.5762         0.0000         0.0000       997.0931          -4061.4967       316.7677     -5058.5898     -4058.0764       315.1965           7592.8339      7609.8791     22851.6551      7452.4018      7452.7232
ENERGY:   23000         0.0000         0.0000         0.0000         0.0000          -5610.5712       539.8310         0.0000         0.0000      1039.2113          -4031.5289       330.1483     -5070.7402     -4029.1760       317.3764           7083.0868      7106.1925     22851.6551      7155.5391      7155.0158
ENERGY:   23500         0.0000         0.0000         0.0000         0.0000          -5646.3993       593.1051         0.0000         0.0000       947.0044          -4106.2899       300.8550     -5053.2943     -4104.2561       314.6978           8126.3476      8157.1954     22851.6551      7607.6846      7607.4399
ENERGY:   24000         0.0000         0.0000         0.0000         0.0000          -5648.0552       579.3961         0.0000         0.0000       969.8588          -4098.8003       308.1156     -5068.6590     -4097.9342       309.5922           7718.2784      7740.2731     22851.6551      7350.1501      7350.0460
ENERGY:   24500         0.0000         0.0000         0.0000         0.0000          -5647.6910       515.6754         0.0000         0.0000       976.9906          -4155.0250       310.3813     -5132.0156     -4152.9528       306.0820           6936.4335      6944.6858     22851.6551      7696.5251      7696.3045
ENERGY:   25000         0.0000         0.0000         0.0000         0.0000          -5634.1496       566.4689         0.0000         0.0000       962.6500          -4105.0307       305.8255     -5067.6807     -4102.8574       302.9455           8368.4819      8387.8756     22851.6551      7864.2010      7864.0760
ENERGY:   25500         0.0000         0.0000         0.0000         0.0000          -5730.1203       610.9183         0.0000         0.0000       976.1927          -4143.0093       310.1278     -5119.2020     -4141.6657       306.9848           8242.6063      8262.7290     22851.6551      8453.7751      8453.3472
ENERGY:   26000         0.0000         0.0000         0.0000         0.0000          -5779.7971       615.4064         0.0000         0.0000       983.0482          -4181.3425       312.3058     -5164.3907     -4178.9655       305.3073           8714.5579      8737.6473     22851.6551      8146.4393      8147.0233
ENERGY:   26500         0.0000         0.0000         0.0000         0.0000          -5655.1310       547.1726         0.0000         0.0000       925.1286          -4182.8298       293.9052     -5107.9584     -4180.7893       306.2026           7746.3429      7754.3861     22851.6551      8067.6692      8067.5993
ENERGY:   27000         0.0000         0.0000         0.0000         0.0000          -5659.7881       570.4675         0.0000         0.0000       940.0450          -4149.2756       298.6440     -5089.3206     -4147.3225       303.9795           8101.2201      8114.4367     22851.6551      8060.0219      8059.7038
ENERGY:   27500         0.0000         0.0000         0.0000         0.0000          -5711.3795       555.8380         0.0000         0.0000      1006.1112          -4149.4303       319.6327     -5155.5415     -4147.3244       306.9343           7862.0993      7876.1482     22851.6551      8718.7008      8719.0610
ENERGY:   28000         0.0000         0.0000         0.0000         0.0000          -5663.3434       533.0176         0.0000         0.0000       956.7429          -4173.5830       303.9488     -5130.3259     -4170.8912       303.0331           7811.6752      7811.9782     22851.6551      8164.2794      8163.9609
ENERGY:   28500         0.0000         0.0000         0.0000         0.0000          -5673.2192       567.0588         0.0000         0.0000       943.4802          -4162.6802       299.7354     -5106.1604     -4160.5968       303.4223           7855.1716      7871.2861     22851.6551      8005.9670      8005.8944
ENERGY:   29000         0.0000         0.0000         0.0000         0.0000          -5669.9445       532.3316         0.0000         0.0000       971.8242          -4165.7886       308.7400     -5137.6128     -4164.3422       301.9125           7292.9832      7320.7109     22851.6551      8042.1087      8041.5131
ENERGY:   29500         0.0000         0.0000         0.0000         0.0000          -5663.4006       564.4590         0.0000         0.0000       979.7726          -4119.1691       311.2652     -5098.9417     -4117.8530       308.3120           8411.4462      8440.6403     22851.6551      8145.9108      8146.3071
ENERGY:   30000         0.0000         0.0000         0.0000         0.0000          -5692.1409       589.6670         0.0000         0.0000       984.5445          -4117.9294       312.7811     -5102.4739     -4115.7658       311.3928           8500.0714      8519.1626     22851.6551      8663.0905      8663.0116
ENERGY:   30500         0.0000         0.0000         0.0000         0.0000          -5715.7494       632.6284         0.0000         0.0000       954.4726          -4128.6485       303.2276     -5083.1211     -4126.5361       308.9454           9428.6778      9461.9672     22851.6551      8144.5720      8144.6941
ENERGY:   31000         0.0000         0.0000         0.0000         0.0000          -5754.7297       622.2659         0.0000         0.0000      1000.7975          -4131.6664       317.9446     -5132.4638     -4129.9443       309.9555           8881.1262      8897.5345     22851.6551      8671.5309      8671.7693
ENERGY:   31500         0.0000         0.0000         0.0000         0.0000          -5602.0288       526.2276         0.0000         0.0000       967.3429          -4108.4583       307.3163     -5075.8012     -4107.0863       311.2305           9010.7563      9022.2148     22851.6551      8789.3607      8789.3289
ENERGY:   32000         0.0000         0.0000         0.0000         0.0000          -5654.1424       553.9466         0.0000         0.0000       938.5914          -4161.6045       298.1822     -5100.1958     -4158.7511       309.6229           8597.4251      8616.6273     22851.6551      8958.6859      8958.0437
ENERGY:   32500         0.0000         0.0000         0.0000         0.0000          -5687.7110       598.9505         0.0000         0.0000       954.8963          -4133.8642       303.3622     -5088.7604     -4131.1658       305.7853           9218.4039      9245.4656     22851.6551      8660.6177      8660.8052
ENERGY:   33000         0.0000         0.0000         0.0000         0.0000          -5661.1710       547.0913         0.0000         0.0000       960.8356          -4153.2441       305.2490     -5114.0797     -4150.6450       307.9068           9016.5041      9026.5123     22851.6551      9588.6007      9588.1393
ENERGY:   33500         0.0000         0.0000         0.0000         0.0000          -5702.0215       547.4487         0.0000         0.0000       948.5389          -4206.0338       301.3425     -5154.5728     -4203.2494       302.8880           8572.1198      8602.8791     22851.6551      9449.7377      9449.7201
ENERGY:   34000         0.0000         0.0000         0.0000         0.0000          -5771.3553       632.9325         0.0000         0.0000       969.2842          -4169.1387       307.9331     -5138.4228     -4166.9942       301.1542           9834.0119      9853.0342     22851.6551      9034.9460      9034.3688
ENERGY:   34500         0.0000         0.0000         0.0000         0.0000          -5661.0246       558.4200         0.0000         0.0000       978.3795          -4124.2251       310.8226     -5102.6046     -4121.6132       305.5195           9181.8167      9190.7951     22851.6551      9345.1023      9344.5141
ENERGY:   35000         0.0000         0.0000         0.0000         0.0000          -5759.8982       597.0231         0.0000         0.0000       953.8761          -4208.9990       303.0381     -5162.8751     -4207.2403       302.0821           9519.6547      9534.4291     22851.6551      9536.9278      9537.1908
ENERGY:   35500         0.0000         0.0000         0.0000         0.0000          -5684.3966       564.5125         0.0000         0.0000       952.4249          -4167.4593       302.5770     -5119.8841     -4164.2191       302.6731           9270.2692      9307.3637     22851.6551      9680.6094      9680.2520
ENERGY:   36000         0.0000         0.0000         0.0000         0.0000          -5701.1767       572.2570         0.0000         0.0000       996.5700          -4132.3497       316.6015     -5128.9197     -4129.7812       305.6282           9560.0692      9584.4732     22851.6551      9584.8328      9584.7550
ENERGY:   36500         0.0000         0.0000         0.0000         0.0000          -5644.5862       540.7400         0.0000         0.0000       948.8418          -4155.0044       301.4387     -5103.8462     -4153.1408       303.3248           9137.4145      9148.3650     22851.6551      8820.3988      8819.8962
ENERGY:   37000         0.0000         0.0000         0.0000         0.0000          -5692.4188       597.9802         0.0000         0.0000       952.2455          -4142.1931       302.5200     -5094.4387     -4140.4143       306.7312          10266.9602     10278.8904     22851.6551     10019.6545     10019.3026
ENERGY:   37500         0.0000         0.0000         0.0000         0.0000          -5677.7871       552.3278         0.0000         0.0000       963.6862          -4161.7731       306.1546     -5125.4593     -4159.6976       309.1665           9437.3357      9457.8057     22851.6551      9846.5892      9846.5241
ENERGY:   38000         0.0000         0.0000         0.0000         0.0000          -5633.0924       540.7591         0.0000         0.0000       956.7179          -4135.6155       303.9409     -5092.3333     -4133.5071       311.0018           9250.5715      9274.8806     22851.6551     10160.3338     10160.6186
ENERGY:   38500         0.0000         0.0000         0.0000         0.0000          -5777.5322       655.5722         0.0000         0.0000       994.6598          -4127.3002       315.9947     -5121.9600     -4125.8537       311.7366          11178.3434     11189.9723     22851.6551      9970.9163      9970.6802
ENERGY:   39000         0.0000         0.0000         0.0000         0.0000          -5615.3952       512.5524         0.0000         0.0000       967.2145          -4135.6284       307.2755     -5102.8429     -4133.6354       307.5235           8997.0838      9016.1759     22851.6551      9650.3702      9650.1722
ENERGY:   39500         0.0000         0.0000         0.0000         0.0000          -5639.7749       539.0704         0.0000         0.0000       939.5620          -4161.1425       298.4906     -5100.7045     -4159.5512       306.4833           8845.0704      8852.4365     22851.6551      9558.8229      9558.2992
ENERGY:   40000         0.0000         0.0000         0.0000         0.0000          -5668.3070       552.5351         0.0000         0.0000       971.0570          -4144.7149       308.4963     -5115.7719     -4141.6525       307.5100           9300.1334      9313.4369     22851.6551      9862.7668      9862.6876
ENERGY:   40500         0.0000         0.0000         0.0000         0.0000          -5582.0912       538.0710         0.0000         0.0000       957.1156          -4086.9046       304.0672     -5044.0202     -4084.8850       305.1916           9642.8039      9645.0929     22851.6551      9630.7063      9630.6866
ENERGY:   41000         0.0000         0.0000         0.0000         0.0000          -5685.3381       597.0023         0.0000         0.0000       965.4037          -4122.9321       306.7003     -5088.3359     -4120.6998       307.6124          10058.4673     10107.0240     22851.6551      9741.4563      9741.1848
ENERGY:   41500         0.0000         0.0000         0.0000         0.0000          -5663.0002       566.9941         0.0000         0.0000       967.5317          -4128.4744       307.3763     -5096.0061     -4125.2355       310.3408           9754.1164      9768.5807     22851.6551     10342.3700     10342.6481
ENERGY:   42000         0.0000         0.0000         0.0000         0.0000          -5648.0775       569.3096         0.0000         0.0000       940.1317          -4138.6362       298.6716     -5078.7679     -4136.5202       306.3382          10284.0883     10301.2242     22851.6551     10307.4882     10307.7064
ENERGY:   42500         0.0000         0.0000         0.0000         0.0000          -5663.5058       535.0219         0.0000         0.0000       962.0356          -4166.4484       305.6302     -5128.4839     -4164.4738       306.0464           9580.0641      9604.8216     22851.6551      9815.7257      9815.9840
ENERGY:   43000         0.0000         0.0000         0.0000         0.0000          -5715.9154       580.7743         0.0000         0.0000       960.5307          -4174.6103       305.1522     -5135.1411     -4173.6784       304.0267           9753.9111      9779.6681     22851.6551     10383.8310     10383.0332
ENERGY:   43500         0.0000         0.0000         0.0000         0.0000          -5669.9306       601.4261         0.0000         0.0000       944.5007          -4124.0038       300.0596     -5068.5045     -4122.4977       302.6155          10354.0353     10358.9848     22851.6551     10048.7703     10048.5711
ENERGY:   44000         0.0000         0.0000         0.0000         0.0000          -5677.3429       559.1149         0.0000         0.0000       975.8200          -4142.4079       310.0094     -5118.2279     -4141.0921       306.9165          10018.1209     10033.5517     22851.6551      9878.9785      9877.9988
ENERGY:   44500         0.0000         0.0000         0.0000         0.0000          -5764.1850       630.6559         0.0000         0.0000       999.1535          -4134.3756       317.4223     -5133.5291     -4132.0530       309.7949          10209.8115     10224.4431     22851.6551     10325.0962     10325.2385
ENERGY:   45000         0.0000         0.0000         0.0000         0.0000          -5656.9422       591.3449         0.0000         0.0000       946.7740          -4118.8233       300.7818     -5065.5973     -4116.8430       311.5839          10164.3582     10176.5042     22851.6551     10402.6589     10401.8592
ENERGY:   45500         0.0000         0.0000         0.0000         0.0000          -5747.8246       628.5771         0.0000         0.0000       924.7431          -4194.5044       293.7828     -5119.2475     -4191.1099       304.0345          10451.7383     10466.2693     22851.6551     10298.5618     10298.4203
ENERGY:   46000         0.0000         0.0000         0.0000         0.0000          -5688.7682       564.1670         0.0000         0.0000       953.2635          -4171.3378       302.8434     -5124.6012     -4168.5237       296.8523          10011.7588     10038.3753     22851.6551      9781.0527      9781.1229
ENERGY:   46500         0.0000         0.0000         0.0000         0.0000          -5670.8894       551.0598         0.0000         0.0000       977.2541          -4142.5755       310.4650     -5119.8296     -4139.6765       303.8033          10159.5122     10167.3697     22851.6551     10089.0919     10088.3276
ENERGY:   47000         0.0000         0.0000         0.0000         0.0000          -5629.3599       506.1436         0.0000         0.0000       986.2005          -4137.0158       313.3072     -5123.2163     -4134.2706       306.9985           9132.8591      9152.2074     22851.6551     10071.0320     10071.0932
ENERGY:   47500         0.0000         0.0000         0.0000         0.0000          -5705.4585       612.3740         0.0000         0.0000       951.7947          -4141.2898       302.3768     -5093.0845     -4139.1174       309.6022          10766.2092     10767.6622     22851.6551      9956.6817      9955.9075
ENERGY:   48000         0.0000         0.0000         0.0000         0.0000          -5657.4996       560.1450         0.0000         0.0000       969.7006          -4127.6541       308.0654     -5097.3547     -4125.3971       309.3027          10257.8706     10271.7953     22851.6551     10790.1759     10790.0098
ENERGY:   48500         0.0000         0.0000         0.0000         0.0000          -5640.7542       577.5411         0.0000         0.0000       965.5231          -4097.6900       306.7382     -5063.2131     -4094.7604       309.0759          10661.9555     10684.9186     22851.6551     10162.6598     10162.8521
ENERGY:   49000         0.0000         0.0000         0.0000         0.0000          -5705.3343       589.9654         0.0000         0.0000      1027.2872          -4088.0817       326.3601     -5115.3689     -4085.7762       310.8548          10239.5494     10261.1099     22851.6551     10464.8299     10465.4213
ENERGY:   49500         0.0000         0.0000         0.0000         0.0000          -5651.3781       547.3890         0.0000         0.0000      1001.5627          -4102.4264       318.1877     -5103.9891     -4100.4604       313.3108           9915.7706      9925.0196     22851.6551     10215.3856     10215.3031
ENERGY:   50000         0.0000         0.0000         0.0000         0.0000          -5724.5268       567.5445         0.0000         0.0000      1003.9965          -4152.9858       318.9609     -5156.9822     -4151.5028       307.3922          10030.4613     10035.2846     22851.6551     10190.1917     10189.8637
ENERGY:   50500         0.0000         0.0000         0.0000         0.0000          -5704.6300       617.6480         0.0000         0.0000       941.2304          -4145.7516       299.0206     -5086.9820     -4142.8465       306.3731          11055.8524     11084.5051     22851.6551     10409.8178     10410.0613
ENERGY:   51000         0.0000         0.0000         0.0000         0.0000          -5722.2762       585.2218         0.0000         0.0000       962.3178          -4174.7366       305.7199     -5137.0544     -4172.1661       305.4978          10631.7180     10663.0321     22851.6551     10733.8258     10733.7645
ENERGY:   51500         0.0000         0.0000         0.0000         0.0000          -5720.3778       543.2645         0.0000         0.0000       923.2094          -4253.9040       293.2955     -5177.1134     -4250.8141       300.3060           9915.8226      9942.0898     22851.6551     10717.3701     10717.2062
ENERGY:   52000         0.0000         0.0000         0.0000         0.0000          -5756.1633       587.5650         0.0000         0.0000       958.1461          -4210.4522       304.3946     -5168.5983     -4208.3198       298.6834          11243.5406     11251.7095     22851.6551     10899.7854     10899.6349
ENERGY:   52500         0.0000         0.0000         0.0000         0.0000          -5807.7735       643.5327         0.0000         0.0000       955.0666          -4209.1742       303.4163     -5164.2408     -4206.2291       302.9997          11110.8462     11125.8541     22851.6551     11694.8891     11694.4977
ENERGY:   53000         0.0000         0.0000         0.0000         0.0000          -5697.9371       554.7003         0.0000         0.0000       967.3863          -4175.8504       307.3301     -5143.2368     -4173.3825       303.2918          10827.2293     10835.5989     22851.6551     10769.6331     10768.9394
ENERGY:   53500         0.0000         0.0000         0.0000         0.0000          -5599.6407       489.7584         0.0000         0.0000       924.7353          -4185.1471       293.7803     -5109.8824     -4182.8355       302.1743           9765.3591      9780.9825     22851.6551     10842.0648     10841.8913
ENERGY:   54000         0.0000         0.0000         0.0000         0.0000          -5743.7923       599.0295         0.0000         0.0000       980.2620          -4164.5008       311.4206     -5144.7627     -4161.7967       304.9198          10818.1127     10849.8286     22851.6551     10890.5698     10889.8679
ENERGY:   54500         0.0000         0.0000         0.0000         0.0000          -5760.0227       622.5714         0.0000         0.0000       934.8229          -4202.6284       296.9850     -5137.4513     -4200.4514       303.7401          10629.8433     10652.6653     22851.6551     10960.7663     10960.7607
ENERGY:   55000         0.0000         0.0000         0.0000         0.0000          -5661.6670       583.3477         0.0000         0.0000       965.7764          -4112.5429       306.8187     -5078.3193     -4110.2194       304.5693          10583.8965     10596.7202     22851.6551     10931.1511     10931.1972
ENERGY:   55500         0.0000         0.0000         0.0000         0.0000          -5644.2541       556.5167         0.0000         0.0000       935.5716          -4152.1657       297.2229     -5087.7373     -4148.9572       308.2630          10012.9948     10036.8094     22851.6551     10966.5980     10966.2902
ENERGY:   56000         0.0000         0.0000         0.0000         0.0000          -5720.8387       597.5416         0.0000         0.0000       939.9340          -4183.3631       298.6088     -5123.2971     -4180.8027       304.7769          10244.7511     10266.0096     22851.6551     10616.7393     10616.6629
ENERGY:   56500         0.0000         0.0000         0.0000         0.0000          -5713.0388       571.8035         0.0000         0.0000       977.4896          -4163.7457       310.5399     -5141.2353     -4161.6358       304.0309          10273.0773     10295.7008     22851.6551     10913.5278     10913.3101
ENERGY:   57000         0.0000         0.0000         0.0000         0.0000          -5647.4756       553.6972         0.0000         0.0000       926.4269          -4167.3515       294.3177     -5093.7784     -4165.2549       301.2465          10539.6036     10554.8743     22851.6551     10386.9710     10387.1006
ENERGY:   57500         0.0000         0.0000         0.0000         0.0000          -5674.6833       559.8366         0.0000         0.0000       940.1323          -4174.7144       298.6718     -5114.8468     -4173.0285       301.7951          10482.1781     10509.9886     22851.6551     10463.2695     10463.3288
ENERGY:   58000         0.0000         0.0000         0.0000         0.0000          -5704.8914       553.2696         0.0000         0.0000       980.0740          -4171.5478       311.3609     -5151.6219     -4169.9131       299.9671          10790.4115     10809.2379     22851.6551     10384.1159     10383.6791
ENERGY:   58500         0.0000         0.0000         0.0000         0.0000          -5664.2302       582.7374         0.0000         0.0000       953.3997          -4128.0931       302.8867     -5081.4927     -4124.7595       302.7017          11097.3614     11114.1136     22851.6551     11234.0285     11233.7921
ENERGY:   59000         0.0000         0.0000         0.0000         0.0000          -5692.3489       567.4375         0.0000         0.0000       998.5250          -4126.3864       317.2226     -5124.9114     -4123.5307       308.5903          10442.5037     10467.7690     22851.6551     11155.6554     11155.4335
ENERGY:   59500         0.0000         0.0000         0.0000         0.0000          -5771.9831       658.6597         0.0000         0.0000       946.8526          -4166.4708       300.8068     -5113.3235     -4164.2383       309.7731          11850.3892     11868.3273     22851.6551     11442.2051     11441.8798
ENERGY:   60000         0.0000         0.0000         0.0000         0.0000          -5680.3591       552.8065         0.0000         0.0000       950.2282          -4177.3245       301.8791     -5127.5526     -4174.0692       308.8590          10807.0621     10827.4810     22851.6551     11652.0741     11652.1167
ENERGY:   60500         0.0000         0.0000         0.0000         0.0000          -5721.0274       592.4441         0.0000         0.0000       993.4101          -4135.1731       315.5977     -5128.5832     -4132.0415       307.6762          10769.7551     10777.2523     22851.6551     10899.6246     10899.7435
ENERGY:   61000         0.0000         0.0000         0.0000         0.0000          -5738.8441       599.7366         0.0000         0.0000       974.3586          -4164.7488       309.5452     -5139.1074     -4161.5650       311.1330          11249.5879     11271.0457     22851.6551     10939.2844     10939.2333
ENERGY:   61500         0.0000         0.0000         0.0000         0.0000          -5741.2120       603.5439         0.0000         0.0000       977.9410          -4159.7271       310.6833     -5137.6681     -4157.0783       306.3591          11021.7772     11027.4130     22851.6551     11127.1708     11127.2509
ENERGY:   62000         0.0000         0.0000         0.0000         0.0000          -5624.3612       581.8696         0.0000         0.0000       888.5445          -4153.9471       282.2828     -5042.4916     -4151.6229       306.9776          11075.6401     11088.8933     22851.6551     11015.3858     11015.0452
ENERGY:   62500         0.0000         0.0000         0.0000         0.0000          -5692.4680       554.3973         0.0000         0.0000       954.1622          -4183.9085       303.1290     -5138.0707     -4182.6168       303.8236          10077.1185     10108.8485     22851.6551     10802.2674     10801.9892
ENERGY:   63000         0.0000         0.0000         0.0000         0.0000          -5698.2394       554.9489         0.0000         0.0000       968.7471          -4174.5435       307.7625     -5143.2906     -4172.5254       301.8890          10812.9842     10830.8794     22851.6551     10429.7565     10429.4181
ENERGY:   63500         0.0000         0.0000         0.0000         0.0000          -5692.8187       556.8878         0.0000         0.0000       965.8326          -4170.0983       306.8365     -5135.9309     -4168.2071       305.4361          10723.9638     10759.8652     22851.6551     11143.7424     11144.0296
ENERGY:   64000         0.0000         0.0000         0.0000         0.0000          -5717.0276       584.3241         0.0000         0.0000       914.3740          -4218.3295       290.4886     -5132.7036     -4216.4054       301.1145          10746.5004     10764.2152     22851.6551     11041.8047     11041.5753
ENERGY:   64500         0.0000         0.0000         0.0000         0.0000          -5774.8267       624.2600         0.0000         0.0000       958.6047          -4191.9620       304.5403     -5150.5667     -4189.4481       304.0722          11675.0818     11696.6417     22851.6551     11047.9251     11047.6812
ENERGY:   65000         0.0000         0.0000         0.0000         0.0000          -5713.3231       576.5791         0.0000         0.0000       930.5831          -4206.1608       295.6381     -5136.7439     -4204.0411       301.3930          10963.5906     10978.1155     22851.6551     10755.0628     10754.6517
ENERGY:   65500         0.0000         0.0000         0.0000         0.0000          -5719.2034       603.4967         0.0000         0.0000       919.9102          -4195.7965       292.2474     -5115.7067     -4193.0430       298.6795          10853.4832     10875.5842     22851.6551     11105.9132     11105.5752
ENERGY:   66000         0.0000         0.0000         0.0000         0.0000          -5742.9534       599.9412         0.0000         0.0000       944.9351          -4198.0771       300.1976     -5143.0122     -4196.6678       297.3978          10834.7982     10862.8593     22851.6551     10663.6982     10663.6416
ENERGY:   66500         0.0000         0.0000         0.0000         0.0000          -5659.2443       531.1841         0.0000         0.0000       962.2433          -4165.8169       305.6962     -5128.0602     -4163.1215       302.6572          10482.5731     10507.9025     22851.6551     11489.2499     11489.3984
ENERGY:   67000         0.0000         0.0000         0.0000         0.0000          -5676.7179       560.0656         0.0000         0.0000       977.7618          -4138.8906       310.6263     -5116.6523     -4136.8141       305.8107          10434.5255     10455.1677     22851.6551     10755.5005     10755.6938
ENERGY:   67500         0.0000         0.0000         0.0000         0.0000          -5678.2954       567.6007         0.0000         0.0000       942.9296          -4167.7651       299.5604     -5110.6947     -4164.9592       304.0139          10730.4590     10740.3844     22851.6551     10695.7526     10695.5553
ENERGY:   68000         0.0000         0.0000         0.0000         0.0000          -5735.1974       601.2865         0.0000         0.0000       982.6573          -4151.2536       312.1816     -5133.9109     -4148.7873       307.3102          11230.6443     11246.6014     22851.6551     11241.4385     11241.7807
ENERGY:   68500         0.0000         0.0000         0.0000         0.0000          -5699.1265       626.4940         0.0000         0.0000       955.7444          -4116.8881       303.6316     -5072.6325     -4113.5151       305.9170          12027.6627     12061.9291     22851.6551     11535.0594     11534.4578
ENERGY:   69000         0.0000         0.0000         0.0000         0.0000          -5700.8817       575.3014         0.0000         0.0000       945.4355          -4180.1449       300.3565     -5125.5803     -4178.4630       306.6488          10882.2221     10892.2428     22851.6551     11584.4134     11584.5782
ENERGY:   69500         0.0000         0.0000         0.0000         0.0000          -5612.9252       544.2317         0.0000         0.0000       953.9515          -4114.7420       303.0620     -5068.6935     -4113.5789       305.3904          10730.0255     10761.2805     22851.6551     11155.2799     11155.2551
ENERGY:   70000         0.0000         0.0000         0.0000         0.0000          -5659.7514       534.9056         0.0000         0.0000       956.8617          -4167.9841       303.9866     -5124.8458     -4165.5637       304.6477          10966.4140     11001.5952     22851.6551     11397.5039     11397.1924
ENERGY:   70500         0.0000         0.0000         0.0000         0.0000          -5732.9552       611.7179         0.0000         0.0000       980.4389          -4140.7984       311.4768     -5121.2373     -4137.6226       305.1467          11979.7739     12002.0938     22851.6551     10685.9015     10685.9617
ENERGY:   71000         0.0000         0.0000         0.0000         0.0000          -5675.2234       584.6496         0.0000         0.0000       970.3176          -4120.2562       308.2614     -5090.5738     -4117.2078       311.4264          12295.8141     12309.1396     22851.6551     12048.7824     12048.8014
ENERGY:   71500         0.0000         0.0000         0.0000         0.0000          -5651.9147       522.1166         0.0000         0.0000       970.5210          -4159.2772       308.3260     -5129.7982     -4156.1486       308.3556          10847.1742     10857.2777     22851.6551     12304.3423     12304.3069
ENERGY:   72000         0.0000         0.0000         0.0000         0.0000          -5649.0169       544.9374         0.0000         0.0000       924.5153          -4179.5642       293.7104     -5104.0795     -4178.1738       304.7429          10996.9881     11020.5420     22851.6551     11426.2975     11426.4586
ENERGY:   72500         0.0000         0.0000         0.0000         0.0000          -5743.1647       616.7994         0.0000         0.0000       958.8173          -4167.5481       304.6078     -5126.3653     -4164.4621       301.0231          11743.4286     11767.7916     22851.6551     11102.4565     11101.7960
ENERGY:   73000         0.0000         0.0000         0.0000         0.0000          -5665.4471       564.1884         0.0000         0.0000       979.7502          -4121.5084       311.2580     -5101.2586     -4118.5861       307.0463          11376.3531     11389.3034     22851.6551     11697.8858     11697.7829
ENERGY:   73500         0.0000         0.0000         0.0000         0.0000          -5726.2056       612.0641         0.0000         0.0000      1005.2327          -4108.9088       319.3536     -5114.1415     -4106.8570       307.6429          11933.5177     11948.7412     22851.6551     11211.6413     11211.0458
ENERGY:   74000         0.0000         0.0000         0.0000         0.0000          -5684.1925       556.0601         0.0000         0.0000       937.9910          -4190.1415       297.9915     -5128.1325     -4188.9410       306.3006          10773.9109     10785.7289     22851.6551     11309.4644     11309.1847
ENERGY:   74500         0.0000         0.0000         0.0000         0.0000          -5816.2460       673.3493         0.0000         0.0000       987.3204          -4155.5764       313.6630     -5142.8968     -4154.2966       308.9322          12071.0884     12089.6643     22851.6551     11761.1994     11761.4098
ENERGY:   75000         0.0000         0.0000         0.0000         0.0000          -5731.3218       571.2805         0.0000         0.0000       971.6594          -4188.3819       308.6877     -5160.0413     -4184.9144       306.6164          12140.1119     12154.7416     22851.6551     11794.7103     11795.5477
ENERGY:   75500         0.0000         0.0000         0.0000         0.0000          -5743.8852       619.0599         0.0000         0.0000       982.3647          -4142.4606       312.0886     -5124.8253     -4139.8662       310.0859          12325.5615     12341.2006     22851.6551     12013.4897     12013.3151
ENERGY:   76000         0.0000         0.0000         0.0000         0.0000          -5707.9617       542.1858         0.0000         0.0000       961.7470          -4204.0289       305.5386     -5165.7759     -4200.7260       305.2184          11152.8746     11168.4279     22851.6551     12223.7696     12223.3605
ENERGY:   76500         0.0000         0.0000         0.0000         0.0000          -5690.4896       589.8726         0.0000         0.0000       952.7301          -4147.8869       302.6740     -5100.6170     -4144.9223       300.7178          12264.1594     12275.2044     22851.6551     11097.7273     11097.8791
ENERGY:   77000         0.0000         0.0000         0.0000         0.0000          -5674.9442       584.1237         0.0000         0.0000       953.0930          -4137.7275       302.7893     -5090.8205     -4135.6285       305.5508          11509.6333     11534.5248     22851.6551     11988.4209     11987.6836
ENERGY:   77500         0.0000         0.0000         0.0000         0.0000          -5702.9733       587.6672         0.0000         0.0000       961.0086          -4154.2975       305.3040     -5115.3061     -4151.9370       307.3285          11729.0560     11750.7697     22851.6551     11465.6284     11465.9694
ENERGY:   78000         0.0000         0.0000         0.0000         0.0000          -5620.4533       534.1774         0.0000         0.0000       978.8982          -4107.3778       310.9873     -5086.2759     -4105.8021       307.8945          11364.7717     11386.8968     22851.6551     11550.8523     11551.1475
ENERGY:   78500         0.0000         0.0000         0.0000         0.0000          -5571.5628       483.4818         0.0000         0.0000       986.6009          -4101.4801       313.4344     -5088.0810     -4098.3288       309.6549          10619.5781     10642.6106     22851.6551     11546.1097     11545.8875
ENERGY:   79000         0.0000         0.0000         0.0000         0.0000          -5694.2223       601.6484         0.0000         0.0000       971.8998          -4120.6741       308.7640     -5092.5739     -4118.0706       310.9370          12313.3523     12324.3279     22851.6551     11329.2537     11329.2413
ENERGY:   79500         0.0000         0.0000         0.0000         0.0000          -5654.5503       559.9159         0.0000         0.0000       950.7955          -4143.8389       302.0594     -5094.6344     -4141.4478       308.8539          11338.3473     11346.0596     22851.6551     11396.7490     11396.2874
ENERGY:   80000         0.0000         0.0000         0.0000         0.0000          -5701.3232       558.3612         0.0000         0.0000       960.6164          -4182.3456       305.1794     -5142.9620     -4180.0936       304.1697          11102.2755     11116.2776     22851.6551     11123.3590     11123.9704
ENERGY:   80500         0.0000         0.0000         0.0000         0.0000          -5725.2964       573.6317         0.0000         0.0000       972.6831          -4178.9815       309.0129     -5151.6646     -4177.4690       302.0509          11413.7866     11428.5445     22851.6551     11624.8236     11624.8901
ENERGY:   81000         0.0000         0.0000         0.0000         0.0000          -5710.6678       579.7321         0.0000         0.0000       997.1024          -4133.8333       316.7707     -5130.9357     -4130.9121       307.8261          11379.0649     11403.0876     22851.6551     11700.0330     11700.4039
ENERGY:   81500         0.0000         0.0000         0.0000         0.0000          -5750.8299       624.1634         0.0000         0.0000       963.2990          -4163.3675       306.0316     -5126.6665     -4160.9088       308.4033          12650.8191     12674.3921     22851.6551     11625.1123     11624.8095
ENERGY:   82000         0.0000         0.0000         0.0000         0.0000          -5733.1595       622.0046         0.0000         0.0000       947.6836          -4163.4713       301.0708     -5111.1549     -4159.9708       302.6582          12591.9232     12610.5075     22851.6551     11855.3811     11854.6315
ENERGY:   82500         0.0000         0.0000         0.0000         0.0000          -5681.3009       585.6377         0.0000         0.0000       943.4275          -4152.2357       299.7186     -5095.6632     -4150.0049       303.3592          11597.2208     11604.8016     22851.6551     11675.1273     11674.4748
ENERGY:   83000         0.0000         0.0000         0.0000         0.0000          -5721.5440       582.8003         0.0000         0.0000       976.2655          -4162.4782       310.1510     -5138.7437     -4161.1109       302.4043          11156.1601     11190.6079     22851.6551     11447.8854     11447.3832
ENERGY:   83500         0.0000         0.0000         0.0000         0.0000          -5761.2639       597.5111         0.0000         0.0000       987.6188          -4176.1340       313.7578     -5163.7528     -4171.9461       307.0223          12346.5091     12354.9209     22851.6551     11787.2992     11787.5310
ENERGY:   84000         0.0000         0.0000         0.0000         0.0000          -5784.9641       638.3731         0.0000         0.0000       942.6855          -4203.9054       299.4829     -5146.5910     -4202.2081       306.7496          12449.3353     12465.3920     22851.6551     12272.8160     12273.1462
ENERGY:   84500         0.0000         0.0000         0.0000         0.0000          -5718.0283       537.1143         0.0000         0.0000       940.7980          -4240.1160       298.8833     -5180.9140     -4237.7343       303.4718          11422.4494     11447.6365     22851.6551     12186.0319     12185.8779
ENERGY:   85000         0.0000         0.0000         0.0000         0.0000          -5709.7372       542.6991         0.0000         0.0000       944.4167          -4222.6214       300.0329     -5167.0381     -4220.3683       296.6429          11684.3137     11690.6932     22851.6551     12106.5854     12106.6871
ENERGY:   85500         0.0000         0.0000         0.0000         0.0000          -5698.9358       543.2536         0.0000         0.0000       942.1225          -4213.5598       299.3040     -5155.6822     -4213.0174       297.7987          11919.5517     11931.1337     22851.6551     11976.4763     11977.1112
ENERGY:   86000         0.0000         0.0000         0.0000         0.0000          -5705.3195       603.3812         0.0000         0.0000       974.3160          -4127.6223       309.5316     -5101.9383     -4125.0597       305.5450          13623.4553     13631.8083     22851.6551     13064.9457     13064.4099
ENERGY:   86500         0.0000         0.0000         0.0000         0.0000          -5744.1490       613.5151         0.0000         0.0000       984.2161          -4146.4179       312.6768     -5130.6339     -4145.0715       311.9841          13483.4945     13511.3622     22851.6551     13318.5668     13318.2437
ENERGY:   87000         0.0000         0.0000         0.0000         0.0000          -5706.4718       604.7230         0.0000         0.0000       937.7678          -4163.9811       297.9206     -5101.7488     -4163.3623       308.3318          13033.4928     13065.1094     22851.6551     12646.2015     12646.2047
ENERGY:   87500         0.0000         0.0000         0.0000         0.0000          -5658.3029       571.6388         0.0000         0.0000       958.7691          -4127.8949       304.5925     -5086.6640     -4125.2456       304.3304          12754.6970     12764.1200     22851.6551     12359.5899     12359.5021
ENERGY:   88000         0.0000         0.0000         0.0000         0.0000          -5699.5953       548.8268         0.0000         0.0000       935.8202          -4214.9483       297.3019     -5150.7685     -4213.1855       301.5481          12268.5102     12301.8933     22851.6551     12641.9687     12642.3682
ENERGY:   88500         0.0000         0.0000         0.0000         0.0000          -5634.6298       530.9817         0.0000         0.0000       938.1344          -4165.5138       298.0371     -5103.6481     -4162.8115       305.4192          12127.6545     12151.2568     22851.6551     12846.3703     12846.3397
ENERGY:   89000         0.0000         0.0000         0.0000         0.0000          -5749.7925       620.2555         0.0000         0.0000       954.2142          -4175.3227       303.1455     -5129.5370     -4172.9514       304.4039          12941.8791     12970.9610     22851.6551     12546.8644     12546.6202
ENERGY:   89500         0.0000         0.0000         0.0000         0.0000          -5633.4949       521.5304         0.0000         0.0000       932.2916          -4179.6729       296.1809     -5111.9645     -4177.2450       305.0267          11898.7383     11914.5578     22851.6551     12673.1757     12673.3689
ENERGY:   90000         0.0000         0.0000         0.0000         0.0000          -5671.2305       534.5555         0.0000         0.0000       932.6375          -4204.0376       296.2907     -5136.6750     -4200.6906       300.4387          12227.2789     12225.7661     22851.6551     12341.1826     12341.0702
ENERGY:   90500         0.0000         0.0000         0.0000         0.0000          -5720.9204       585.9680         0.0000         0.0000       984.6591          -4150.2933       312.8176     -5134.9524     -4148.6689       306.7869          12773.3206     12800.9833     22851.6551     13112.9736     13113.0651
ENERGY:   91000         0.0000         0.0000         0.0000         0.0000          -5744.2395       615.6062         0.0000         0.0000       998.3334          -4130.2999       317.1618     -5128.6333     -4128.0938       315.5569          13999.3653     14025.1408     22851.6551     13204.6174     13204.5082
ENERGY:   91500         0.0000         0.0000         0.0000         0.0000          -5767.7668       644.9802         0.0000         0.0000       970.4130          -4152.3736       308.2917     -5122.7866     -4150.0509       312.1228          13289.1852     13312.5182     22851.6551     13830.1316     13829.6675
ENERGY:   92000         0.0000         0.0000         0.0000         0.0000          -5674.9118       576.8764         0.0000         0.0000       951.4737          -4146.5617       302.2749     -5098.0354     -4144.5180       308.4844          13091.9136     13112.4023     22851.6551     13514.2834     13514.0110
ENERGY:   92500         0.0000         0.0000         0.0000         0.0000          -5650.2357       577.9252         0.0000         0.0000       938.1053          -4134.2052       298.0278     -5072.3105     -4131.1363       312.1111          13183.7361     13197.3724     22851.6551     13210.4581     13210.6541
ENERGY:   93000         0.0000         0.0000         0.0000         0.0000          -5707.0156       620.6969         0.0000         0.0000       972.1310          -4114.1877       308.8375     -5086.3187     -4111.8323       315.5853          13613.0218     13616.2629     22851.6551     13144.9123     13145.1702
ENERGY:   93500         0.0000         0.0000         0.0000         0.0000          -5716.3503       601.0295         0.0000         0.0000       966.7210          -4148.5998       307.1188     -5115.3208     -4145.9236       309.7053          13213.3839     13231.4843     22851.6551     13815.8404     13815.1311
ENERGY:   94000         0.0000         0.0000         0.0000         0.0000          -5747.4949       645.1413         0.0000         0.0000       941.0578          -4161.2959       298.9658     -5102.3537     -4156.9558       307.2598          13856.3607     13875.5485     22851.6551     12824.4666     12824.3325
ENERGY:   94500         0.0000         0.0000         0.0000         0.0000          -5667.7194       566.7507         0.0000         0.0000       954.8004          -4146.1683       303.3317     -5100.9687     -4143.7926       302.9556          12807.1036     12828.1873     22851.6551     13604.2476     13604.3395
ENERGY:   95000         0.0000         0.0000         0.0000         0.0000          -5688.9796       579.5795         0.0000         0.0000       964.5695          -4144.8306       306.4353     -5109.4001     -4142.4620       305.0771          13269.2075     13287.0775     22851.6551     13087.1501     13087.1545
ENERGY:   95500         0.0000         0.0000         0.0000         0.0000          -5700.3112       581.7484         0.0000         0.0000       957.7210          -4160.8418       304.2596     -5118.5628     -4158.1033       306.7622          12973.0948     12996.9752     22851.6551     12958.5752     12958.1548
ENERGY:   96000         0.0000         0.0000         0.0000         0.0000          -5792.8832       658.2065         0.0000         0.0000       978.9644          -4155.7124       311.0084     -5134.6768     -4153.3500       302.9478          14637.2530     14638.9285     22851.6551     13471.3828     13471.7008
ENERGY:   96500         0.0000         0.0000         0.0000         0.0000          -5742.0389       598.2239         0.0000         0.0000       960.7608          -4183.0542       305.2253     -5143.8150     -4182.6188       305.4638          13199.9968     13227.0482     22851.6551     13549.4993     13549.2490
ENERGY:   97000         0.0000         0.0000         0.0000         0.0000          -5760.3032       603.0088         0.0000         0.0000       935.1098          -4222.1846       297.0762     -5157.2944     -4218.5582       304.4280          13480.4846     13491.7293     22851.6551     13649.7972     13649.4791
ENERGY:   97500         0.0000         0.0000         0.0000         0.0000          -5744.9783       614.5101         0.0000         0.0000       951.2409          -4179.2273       302.2009     -5130.4682     -4176.7344       301.4213          13668.6770     13696.9394     22851.6551     13063.2404     13062.9232
ENERGY:   98000         0.0000         0.0000         0.0000         0.0000          -5729.4892       588.9280         0.0000         0.0000       963.0924          -4177.4688       305.9660     -5140.5612     -4174.3944       303.6049          13699.5066     13729.3830     22851.6551     13691.3048     13690.6632
ENERGY:   98500         0.0000         0.0000         0.0000         0.0000          -5772.4799       639.2478         0.0000         0.0000       958.9641          -4174.2679       304.6545     -5133.2320     -4172.0265       302.6248          14021.0058     14037.9544     22851.6551     13888.4929     13888.3094
ENERGY:   99000         0.0000         0.0000         0.0000         0.0000          -5740.7533       585.6797         0.0000         0.0000       965.7905          -4189.2831       306.8231     -5155.0736     -4187.0302       300.1445          13825.4432     13830.6994     22851.6551     13792.9584     13792.7211
ENERGY:   99500         0.0000         0.0000         0.0000         0.0000          -5735.0888       613.7929         0.0000         0.0000       913.5837          -4207.7122       290.2375     -5121.2958     -4205.6325       300.2376          14548.1875     14549.1509     22851.6551     14102.9269     14102.4484
ENERGY:  100000         0.0000         0.0000         0.0000         0.0000          -5768.9356       609.6096         0.0000         0.0000       964.5050          -4194.8210       306.4148     -5159.3259     -4191.7400       301.6378          14805.0483     14819.5721     22851.6551     13912.6261     13912.3539
