ETITLE:      TS           BOND          ANGLE          DIHED          IMPRP               ELECT            VDW       BOUNDARY           MISC        KINETIC               TOTAL           TEMP      POTENTIAL         TOTAL3        TEMPAVG            PRESSURE      GPRESSURE         VOLUME       PRESSAVG      GPRESSAVG
ENERGY:       0         0.0000         0.0000         0.0000         0.0000          -5460.6138       775.2700         0.0000         0.0000         0.0000          -4685.3438         0.0000     -4685.3438     -4684.5858         0.0000           6592.2913      6604.3783     23823.1240      6592.2913      6604.3783
ENERGY:    5000         0.0000         0.0000         0.0000         0.0000          -5706.0392       522.8696         0.0000         0.0000       904.6200          -4278.5495       287.3898     -5183.1696     -4276.7106       274.6500            360.1757       387.7435     23249.2075      -237.7471      -237.6059
ENERGY:   10000         0.0000         0.0000         0.0000         0.0000          -5587.3902       366.0119         0.0000         0.0000       946.0958          -4275.2825       300.5663     -5221.3783     -4273.3695       298.7696          -1020.8563     -1008.0387     22862.6091      -211.3842      -211.4882
ENERGY:   15000         0.0000         0.0000         0.0000         0.0000          -5583.5139       404.5140         0.0000         0.0000       947.3247          -4231.6751       300.9567     -5178.9998     -4229.2688       303.7464           -350.7306      -328.9589     23086.2791      -200.8280      -200.8323
ENERGY:   20000         0.0000         0.0000         0.0000         0.0000          -5595.3588       385.6955         0.0000         0.0000       931.7591          -4277.9042       296.0117     -5209.6633     -4276.7427       296.3981           -280.5919      -258.1285     22691.4478      -229.6023      -229.5983
ENERGY:   25000         0.0000         0.0000         0.0000         0.0000          -5641.8240       368.5976         0.0000         0.0000       942.7512          -4330.4752       299.5038     -5273.2264     -4329.8669       296.7677           -939.8169      -910.0218     22748.7656      -192.5733      -192.4973
ENERGY:   30000         0.0000         0.0000         0.0000         0.0000          -5640.6121       417.6463         0.0000         0.0000       944.7961          -4278.1697       300.1534     -5222.9658     -4276.4022       299.2005            502.0249       520.2289     22398.8400      -290.8212      -290.7758
ENERGY:   35000         0.0000         0.0000         0.0000         0.0000          -5571.7514       401.2303         0.0000         0.0000       967.2482          -4203.2729       307.2863     -5170.5211     -4201.8682       300.0892           -267.9553      -250.2260     22940.0810      -277.7490      -277.9158
ENERGY:   40000         0.0000         0.0000         0.0000         0.0000          -5612.1263       416.9862         0.0000         0.0000       972.2475          -4222.8926       308.8745     -5195.1401     -4221.1047       303.6043            346.7130       358.5517     22609.4345      -249.8596      -249.7652
ENERGY:   45000         0.0000         0.0000         0.0000         0.0000          -5686.6837       439.2510         0.0000         0.0000       919.5758          -4327.8568       292.1412     -5247.4326     -4325.2660       296.7087            177.7608       199.5895     22627.9243      -248.2705      -248.1974
ENERGY:   50000         0.0000         0.0000         0.0000         0.0000          -5628.9437       384.5011         0.0000         0.0000       900.0186          -4344.4240       285.9280     -5244.4426     -4342.5954       294.9056           -289.9950      -265.6753     22501.6901      -232.9822      -232.9520
ENERGY:   55000         0.0000         0.0000         0.0000         0.0000          -5654.3440       441.0982         0.0000         0.0000       914.7964          -4298.4494       290.6228     -5213.2458     -4296.6807       292.5447            121.0894       143.6012     22625.7902      -165.1649      -165.3347
ENERGY:   60000         0.0000         0.0000         0.0000         0.0000          -5521.6333       327.8194         0.0000         0.0000       966.1631          -4227.6508       306.9415     -5193.8139     -4224.8984       300.0111           -945.5686      -930.2515     22512.7851      -204.7188      -204.8260
ENERGY:   65000         0.0000         0.0000         0.0000         0.0000          -5584.9533       372.5401         0.0000         0.0000       955.5921          -4256.8210       303.5832     -5212.4132     -4254.1525       296.3767           -683.3627      -664.0883     22658.0198      -180.2767      -180.3259
ENERGY:   70000         0.0000         0.0000         0.0000         0.0000          -5591.7843       424.0112         0.0000         0.0000       975.1144          -4192.6588       309.7853     -5167.7731     -4189.2466       296.8227            249.3171       260.9181     22637.3890      -214.7121      -214.8723
ENERGY:   75000         0.0000         0.0000         0.0000         0.0000          -5540.8905       363.7106         0.0000         0.0000       944.8564          -4232.3235       300.1726     -5177.1799     -4229.2024       301.2342           -486.8336      -466.7456     22722.3721      -180.7764      -180.7834
ENERGY:   80000         0.0000         0.0000         0.0000         0.0000          -5630.6503       405.2043         0.0000         0.0000      1007.1785          -4218.2675       319.9718     -5225.4460     -4216.7567       301.0004           -130.9257      -117.3618     22693.3864      -203.7493      -203.6610
ENERGY:   85000         0.0000         0.0000         0.0000         0.0000          -5596.4615       438.9172         0.0000         0.0000       910.7661          -4246.7783       289.3424     -5157.5443     -4244.9391       301.0639            518.2362       529.9793     22667.5604      -207.1791      -207.2154
ENERGY:   90000         0.0000         0.0000         0.0000         0.0000          -5608.3378       429.2258         0.0000         0.0000       906.4517          -4272.6603       287.9717     -5179.1119     -4270.4329       298.0524           -137.4433      -121.6851     23001.7839      -194.7275      -194.6835
ENERGY:   95000         0.0000         0.0000         0.0000         0.0000          -5591.5267       380.8612         0.0000         0.0000       927.6776          -4282.9879       294.7150     -5210.6655     -4280.7793       296.1353           -264.8595      -249.3854     22849.1235      -245.5207      -245.5880
ENERGY:  100000         0.0000         0.0000         0.0000         0.0000          -5553.5654       382.8056         0.0000         0.0000       940.7292          -4230.0306       298.8614     -5170.7598     -4228.6132       303.1794           -341.2151      -305.1064     22885.3600      -238.9234      -238.9679
ENERGY:  105000         0.0000         0.0000         0.0000         0.0000          -5648.1093       434.0113         0.0000         0.0000       910.3446          -4303.7534       289.2085     -5214.0980     -4301.2513       298.6933            377.0117       409.2547     22750.1315      -289.0325      -288.8589
ENERGY:  110000         0.0000         0.0000         0.0000         0.0000          -5621.5475       416.2373         0.0000         0.0000       915.8746          -4289.4357       290.9653     -5205.3102     -4286.4883       295.8475            144.6733       178.3286     22516.3306      -276.0264      -275.8595
ENERGY:  115000         0.0000         0.0000         0.0000         0.0000          -5656.0209       446.3944         0.0000         0.0000       967.2393          -4242.3872       307.2834     -5209.6265     -4239.9061       302.0547             29.8076        52.9800     23091.7533      -236.9030      -237.1243
ENERGY:  120000         0.0000         0.0000         0.0000         0.0000          -5598.9818       379.4880         0.0000         0.0000       957.6364          -4261.8574       304.2327     -5219.4938     -4259.8119       300.4963            -22.8702        -1.3447     22475.0390      -272.5876      -272.4986
ENERGY:  125000         0.0000         0.0000         0.0000         0.0000          -5633.8678       358.7613         0.0000         0.0000       951.0213          -4324.0852       302.1311     -5275.1065     -4321.8704       298.5100           -800.1041      -780.9458     22836.5441      -218.9150      -219.0133
ENERGY:  130000         0.0000         0.0000         0.0000         0.0000          -5513.2503       371.1455         0.0000         0.0000       926.5085          -4215.5963       294.3436     -5142.1047     -4214.4083       298.4868           -545.5690      -528.8898     23092.8710      -289.2334      -289.2575
ENERGY:  135000         0.0000         0.0000         0.0000         0.0000          -5581.0409       419.7464         0.0000         0.0000       935.5855          -4225.7090       297.2273     -5161.2945     -4224.1540       302.6575            410.2802       420.8332     22550.9868      -230.0345      -230.0156
ENERGY:  140000         0.0000         0.0000         0.0000         0.0000          -5592.4962       375.6946         0.0000         0.0000       933.9111          -4282.8905       296.6954     -5216.8016     -4281.3410       303.3715           -821.5213      -798.9183     22794.0326      -205.6629      -205.7579
ENERGY:  145000         0.0000         0.0000         0.0000         0.0000          -5571.6722       366.0572         0.0000         0.0000       917.9651          -4287.6499       291.6294     -5205.6149     -4286.6038       301.3740           -790.9276      -778.9324     23179.5616      -206.5541      -206.5352
ENERGY:  150000         0.0000         0.0000         0.0000         0.0000          -5522.7233       335.6064         0.0000         0.0000       928.2984          -4258.8184       294.9123     -5187.1169     -4256.5013       296.6348           -964.1807      -953.7116     22772.5306      -209.2914      -209.3232
ENERGY:  155000         0.0000         0.0000         0.0000         0.0000          -5668.8916       456.2296         0.0000         0.0000       955.0996          -4257.5625       303.4268     -5212.6621     -4255.4298       298.9262            -11.7334         7.8297     22826.8185      -253.5255      -253.5019
ENERGY:  160000         0.0000         0.0000         0.0000         0.0000          -5669.2128       423.2974         0.0000         0.0000       939.3464          -4306.5690       298.4221     -5245.9153     -4304.8092       293.7693           -200.2983      -184.9488     22464.7756      -250.6551      -250.5597
ENERGY:  165000         0.0000         0.0000         0.0000         0.0000          -5530.9719       393.8501         0.0000         0.0000       967.3577          -4169.7641       307.3210     -5137.1218     -4166.6923       297.1860           -505.3252      -486.6860     23266.7451      -169.1887      -169.1958
ENERGY:  170000         0.0000         0.0000         0.0000         0.0000          -5611.3547       432.0242         0.0000         0.0000       908.3487          -4270.9818       288.5744     -5179.3305     -4267.7408       303.6250            161.0208       192.1510     22866.0338      -169.2319      -169.2812
ENERGY:  175000         0.0000         0.0000         0.0000         0.0000          -5567.7744       384.2866         0.0000         0.0000       988.5991          -4194.8888       314.0692     -5183.4879     -4191.0666       300.1197           -275.7680      -252.0380     22713.0288      -223.8358      -223.8012
ENERGY:  180000         0.0000         0.0000         0.0000         0.0000          -5567.2868       364.3814         0.0000         0.0000       928.6556          -4274.2498       295.0257     -5202.9054     -4271.7645       304.7112           -832.8504      -817.5227     22860.2507      -248.1857      -248.2271
ENERGY:  185000         0.0000         0.0000         0.0000         0.0000          -5618.4932       406.5257         0.0000         0.0000       941.2841          -4270.6834       299.0377     -5211.9675     -4269.0180       297.1286             95.8785       126.4052     22405.4627      -266.9481      -266.9104
ENERGY:  190000         0.0000         0.0000         0.0000         0.0000          -5620.5750       436.2981         0.0000         0.0000       926.8247          -4257.4522       294.4441     -5184.2770     -4255.2650       299.4083            -77.7672       -55.5454     23088.3575      -235.8384      -236.0725
ENERGY:  195000         0.0000         0.0000         0.0000         0.0000          -5675.3678       440.7081         0.0000         0.0000       919.6076          -4315.0521       292.1513     -5234.6597     -4313.5838       297.2725            330.9310       360.8602     22424.9007      -178.7863      -178.7065
ENERGY:  200000         0.0000         0.0000         0.0000         0.0000          -5722.7844       448.9408         0.0000         0.0000       929.5936          -4344.2500       295.3237     -5273.8436     -4342.5135       293.3534            377.4446       402.2887     22451.7014      -211.9784      -212.0658
ENERGY:  205000         0.0000         0.0000         0.0000         0.0000          -5496.4640       377.2904         0.0000         0.0000       885.2326          -4233.9411       281.2306     -5119.1737     -4231.0278       299.4058           -157.1944      -155.4344     22737.4975      -161.6636      -161.5796
ENERGY:  210000         0.0000         0.0000         0.0000         0.0000          -5608.2370       407.5748         0.0000         0.0000       933.5863          -4267.0759       296.5922     -5200.6622     -4264.5000       300.0355            -11.9202         8.0830     22770.6672      -229.2263      -229.2212
ENERGY:  215000         0.0000         0.0000         0.0000         0.0000          -5540.6071       365.9324         0.0000         0.0000       905.6580          -4269.0168       287.7196     -5174.6748     -4266.8428       297.0823           -696.7634      -677.3247     22905.8114      -187.5066      -187.4376
ENERGY:  220000         0.0000         0.0000         0.0000         0.0000          -5655.0560       404.5497         0.0000         0.0000       978.4532          -4272.0530       310.8460     -5250.5063     -4269.0146       299.2418            -66.4983       -37.4432     22488.5739      -214.2258      -214.1988
ENERGY:  225000         0.0000         0.0000         0.0000         0.0000          -5651.7946       419.8743         0.0000         0.0000       947.2949          -4284.6254       300.9473     -5231.9203     -4282.1406       296.4052            326.4237       338.0393     22636.1236      -270.5150      -270.7565
ENERGY:  230000         0.0000         0.0000         0.0000         0.0000          -5624.2469       420.0748         0.0000         0.0000       910.3441          -4293.8280       289.2083     -5204.1721     -4292.7373       293.8441            526.6223       521.8012     22468.1113      -238.4127      -238.5658
ENERGY:  235000         0.0000         0.0000         0.0000         0.0000          -5587.1028       348.8183         0.0000         0.0000       946.4885          -4291.7959       300.6911     -5238.2845     -4291.0441       299.5460           -279.1510      -260.2265     22428.0716      -234.3108      -234.4432
ENERGY:  240000         0.0000         0.0000         0.0000         0.0000          -5535.0588       341.0396         0.0000         0.0000       927.9217          -4266.0975       294.7926     -5194.0192     -4263.5023       299.5712           -790.7497      -772.3223     22885.6134      -253.0944      -253.2697
ENERGY:  245000         0.0000         0.0000         0.0000         0.0000          -5607.4735       364.2958         0.0000         0.0000       953.4946          -4289.6830       302.9169     -5243.1777     -4287.4223       299.1413           -612.9213      -594.8149     22746.7162      -163.0542      -163.0314
ENERGY:  250000         0.0000         0.0000         0.0000         0.0000          -5546.7433       356.1761         0.0000         0.0000       968.2022          -4222.3649       307.5893     -5190.5672     -4220.1104       298.3295           -311.3229      -291.5035     22690.4828      -221.6620      -221.8113
ENERGY:  255000         0.0000         0.0000         0.0000         0.0000          -5619.3725       403.9567         0.0000         0.0000       922.6285          -4292.7873       293.1110     -5215.4158     -4290.2335       298.4967            -30.5644       -12.6303     22597.2779      -218.9256      -218.8902
ENERGY:  260000         0.0000         0.0000         0.0000         0.0000          -5699.7973       442.9417         0.0000         0.0000       941.8682          -4314.9873       299.2233     -5256.8556     -4313.1256       297.5601            502.7265       532.2531     22530.0540      -231.5859      -231.7030
ENERGY:  265000         0.0000         0.0000         0.0000         0.0000          -5645.2680       461.5424         0.0000         0.0000       931.1177          -4252.6079       295.8079     -5183.7256     -4250.0147       298.6098            346.8132       369.3773     22890.9812      -210.5894      -210.6026
ENERGY:  270000         0.0000         0.0000         0.0000         0.0000          -5646.0480       443.2795         0.0000         0.0000       943.2918          -4259.4767       299.6755     -5202.7685     -4256.8383       297.3472             -7.0741        19.5045     22924.8057      -248.0561      -248.0641
ENERGY:  275000         0.0000         0.0000         0.0000         0.0000          -5592.2507       388.2356         0.0000         0.0000       962.7849          -4241.2302       305.8683     -5204.0151     -4238.9230       299.0541            -45.1982       -17.3328     22578.1434      -196.4450      -196.7867
ENERGY:  280000         0.0000         0.0000         0.0000         0.0000          -5658.1591       415.3051         0.0000         0.0000       960.8420          -4282.0120       305.2511     -5242.8540     -4279.8314       296.7536            584.6780       602.2394     22064.3582      -190.7715      -190.9567
ENERGY:  285000         0.0000         0.0000         0.0000         0.0000          -5653.9056       418.1653         0.0000         0.0000       954.4323          -4281.3080       303.2148     -5235.7403     -4278.9703       300.1931             44.4031        52.3286     22313.4635      -216.0418      -216.1347
ENERGY:  290000         0.0000         0.0000         0.0000         0.0000          -5585.0843       403.8116         0.0000         0.0000       958.3738          -4222.8989       304.4669     -5181.2727     -4220.3213       302.4540            109.9975       140.4329     22535.2797      -131.7562      -131.7320
ENERGY:  295000         0.0000         0.0000         0.0000         0.0000          -5681.5463       431.3111         0.0000         0.0000       921.5189          -4328.7163       292.7585     -5250.2352     -4327.3598       299.4314            124.4091       132.0947     22603.9674      -211.6037      -211.7016
ENERGY:  300000         0.0000         0.0000         0.0000         0.0000          -5659.3785       424.8104         0.0000         0.0000       941.4201          -4293.1480       299.0809     -5234.5681     -4289.9760       297.3922            200.6564       217.5975     22615.1696      -166.0819      -166.0635
ENERGY:  305000         0.0000         0.0000         0.0000         0.0000          -5622.5478       421.0319         0.0000         0.0000       960.0010          -4241.5149       304.9839     -5201.5158     -4240.6605       303.4500            156.5993       182.5501     22625.7751      -209.1948      -209.3119
ENERGY:  310000         0.0000         0.0000         0.0000         0.0000          -5643.2928       378.8066         0.0000         0.0000       970.3009          -4294.1853       308.2561     -5264.4862     -4291.5946       295.8053           -503.7782      -492.2480     22608.6202      -202.9862      -203.1822
ENERGY:  315000         0.0000         0.0000         0.0000         0.0000          -5646.3986       396.1911         0.0000         0.0000       958.0472          -4292.1603       304.3632     -5250.2075     -4290.7890       301.6459           -360.6274      -349.0220     22708.3238      -186.1869      -186.0925
ENERGY:  320000         0.0000         0.0000         0.0000         0.0000          -5551.4300       332.9370         0.0000         0.0000       941.7028          -4276.7902       299.1707     -5218.4930     -4273.9050       299.4399          -1013.3671     -1001.4338     22762.6597      -228.3218      -228.1855
ENERGY:  325000         0.0000         0.0000         0.0000         0.0000          -5607.3305       414.8022         0.0000         0.0000       929.3417          -4263.1866       295.2437     -5192.5283     -4261.3100       296.6713            135.2859       153.9448     22694.6658      -240.8007      -240.6825
ENERGY:  330000         0.0000         0.0000         0.0000         0.0000          -5594.1818       375.8658         0.0000         0.0000       949.1555          -4269.1604       301.5384     -5218.3160     -4266.8113       303.1307           -317.7305      -297.4482     22759.0743      -112.9156      -113.0606
ENERGY:  335000         0.0000         0.0000         0.0000         0.0000          -5555.2238       379.5750         0.0000         0.0000       928.2038          -4247.4450       294.8822     -5175.6488     -4245.8633       298.8570           -227.3563      -204.2915     22531.2305      -214.6439      -214.5563
ENERGY:  340000         0.0000         0.0000         0.0000         0.0000          -5654.8751       423.1791         0.0000         0.0000       931.0852          -4300.6109       295.7976     -5231.6960     -4297.8841       296.2804           -188.5133      -165.4102     22746.0485      -159.9692      -159.8789
ENERGY:  345000         0.0000         0.0000         0.0000         0.0000          -5604.3892       395.0727         0.0000         0.0000       929.1932          -4280.1233       295.1965     -5209.3165     -4276.6541       294.1471            464.9660       484.4189     22223.9681      -196.6708      -196.5955
ENERGY:  350000         0.0000         0.0000         0.0000         0.0000          -5531.2882       313.1716         0.0000         0.0000       944.0724          -4274.0442       299.9235     -5218.1166     -4271.6461       300.5286          -1106.8259     -1090.8639     22671.6005      -239.3327      -239.4431
ENERGY:  355000         0.0000         0.0000         0.0000         0.0000          -5503.0823       343.7432         0.0000         0.0000       929.2565          -4230.0825       295.2166     -5159.3390     -4228.2343       296.7487           -488.1913      -477.2530     22501.2601      -216.9690      -217.0182
ENERGY:  360000         0.0000         0.0000         0.0000         0.0000          -5568.3128       372.2771         0.0000         0.0000       975.5591          -4220.4766       309.9266     -5196.0357     -4218.9302       300.5644           -185.0349      -158.7893     22666.9930      -210.3304      -210.5813
ENERGY:  365000         0.0000         0.0000         0.0000         0.0000          -5617.2673       417.8165         0.0000         0.0000       913.3017          -4286.1490       290.1479     -5199.4508     -4283.9802       302.1781           -165.1774      -153.7723     22866.2980      -192.9844      -192.9673
ENERGY:  370000         0.0000         0.0000         0.0000         0.0000          -5664.6544       387.6433         0.0000         0.0000       935.5606          -4341.4505       297.2194     -5277.0111     -4339.5512       297.6481           -454.2980      -428.1377     22536.7280      -266.5992      -266.6758
ENERGY:  375000         0.0000         0.0000         0.0000         0.0000          -5613.8355       393.1145         0.0000         0.0000       946.9738          -4273.7472       300.8453     -5220.7210     -4271.6269       294.9193           -149.5392      -126.0718     22548.5642      -261.8532      -262.0060
ENERGY:  380000         0.0000         0.0000         0.0000         0.0000          -5615.3502       420.0092         0.0000         0.0000       940.7450          -4254.5960       298.8664     -5195.3410     -4250.7783       299.9505           -211.2077      -195.8660     22959.4720      -209.4845      -209.4307
ENERGY:  385000         0.0000         0.0000         0.0000         0.0000          -5633.2789       410.1458         0.0000         0.0000       959.9292          -4263.2039       304.9611     -5223.1330     -4261.2951       299.5966           -367.4190      -337.5160     22875.6849      -230.4536      -230.3889
ENERGY:  390000         0.0000         0.0000         0.0000         0.0000          -5658.6327       408.9409         0.0000         0.0000       940.0460          -4309.6458       298.6444     -5249.6918     -4306.9384       296.4939           -297.5472      -277.7147     22560.6283      -311.1599      -311.2011
ENERGY:  395000         0.0000         0.0000         0.0000         0.0000          -5644.7990       417.8727         0.0000         0.0000       971.6821          -4255.2441       308.6949     -5226.9262     -4252.7772       297.3282            141.1100       172.4811     22568.7151      -212.9595      -212.9291
ENERGY:  400000         0.0000         0.0000         0.0000         0.0000          -5661.1760       410.7202         0.0000         0.0000       924.7563          -4325.6995       293.7870     -5250.4558     -4324.1957       296.3698           -322.5721      -294.3813     22729.1472      -243.6711      -243.6125
ENERGY:  405000         0.0000         0.0000         0.0000         0.0000          -5661.8261       399.0292         0.0000         0.0000       985.6700          -4277.1269       313.1387     -5262.7969     -4274.4604       298.2584           -259.8174      -242.6554     22624.0544      -184.9739      -184.9989
ENERGY:  410000         0.0000         0.0000         0.0000         0.0000          -5637.7699       424.1810         0.0000         0.0000       935.2404          -4278.3486       297.1177     -5213.5890     -4276.1998       297.8071            193.0838       211.0517     22574.8821      -304.3530      -304.4515
ENERGY:  415000         0.0000         0.0000         0.0000         0.0000          -5625.5411       384.8767         0.0000         0.0000       927.5826          -4313.0818       294.6849     -5240.6644     -4311.1939       297.8259           -655.4651      -637.8466     22861.0802      -210.1644      -210.1628
ENERGY:  420000         0.0000         0.0000         0.0000         0.0000          -5626.9289       386.8255         0.0000         0.0000       953.2014          -4286.9020       302.8237     -5240.1033     -4284.7170       295.0283           -518.3929      -498.1561     22858.4537      -177.9158      -177.8780
ENERGY:  425000         0.0000         0.0000         0.0000         0.0000          -5568.9510       351.9323         0.0000         0.0000       877.4132          -4339.6055       278.7465     -5217.0187     -4337.6889       297.6165           -808.4502      -797.2130     22763.1803      -220.1556      -220.1739
ENERGY:  430000         0.0000         0.0000         0.0000         0.0000          -5611.0656       435.7757         0.0000         0.0000       950.6178          -4224.6721       302.0029     -5175.2900     -4221.3429       298.6628            234.5669       259.4917     22617.9557      -279.9655      -279.9796
ENERGY:  435000         0.0000         0.0000         0.0000         0.0000          -5506.3971       335.7624         0.0000         0.0000       933.7184          -4236.9163       296.6341     -5170.6347     -4234.5392       304.7177          -1213.9636     -1202.2335     23048.8480      -207.8788      -207.8258
ENERGY:  440000         0.0000         0.0000         0.0000         0.0000          -5608.9067       404.4910         0.0000         0.0000       918.8371          -4285.5785       291.9065     -5204.4156     -4283.5146       298.2321            -71.3467       -54.6966     22798.1476      -248.1479      -248.0836
ENERGY:  445000         0.0000         0.0000         0.0000         0.0000          -5638.0969       393.4362         0.0000         0.0000       976.3733          -4268.2874       310.1852     -5244.6607     -4265.2314       296.9846           -619.3914      -607.4056     22849.3470      -197.6342      -197.6974
ENERGY:  450000         0.0000         0.0000         0.0000         0.0000          -5615.3087       414.0626         0.0000         0.0000       970.1265          -4231.1197       308.2007     -5201.2461     -4228.4739       303.5083            317.1549       350.0774     22494.1477      -210.7118      -210.7006
ENERGY:  455000         0.0000         0.0000         0.0000         0.0000          -5596.5955       410.7503         0.0000         0.0000       932.1108          -4253.7344       296.1234     -5185.8452     -4251.2311       299.2472            407.3301       441.8111     22441.3254      -196.9850      -196.7759
ENERGY:  460000         0.0000         0.0000         0.0000         0.0000          -5571.2090       338.0611         0.0000         0.0000       917.7987          -4315.3492       291.5766     -5233.1479     -4312.6870       294.6699           -862.5583      -830.1468     22653.7798      -267.0167      -267.0469
ENERGY:  465000         0.0000         0.0000         0.0000         0.0000          -5609.1265       395.2902         0.0000         0.0000       912.3770          -4301.4592       289.8542     -5213.8362     -4299.7739       295.1742           -291.2714      -263.0949     22859.4050      -270.7538      -270.7150
ENERGY:  470000         0.0000         0.0000         0.0000         0.0000          -5503.5144       346.3056         0.0000         0.0000       955.3296          -4201.8791       303.4998     -5157.2087     -4198.7642       301.8210           -742.4842      -709.9266     22903.7332      -155.6341      -155.5410
ENERGY:  475000         0.0000         0.0000         0.0000         0.0000          -5560.5913       393.6348         0.0000         0.0000       962.3994          -4204.5571       305.7458     -5166.9565     -4202.6780       301.8202            161.7250       188.0506     22841.3682      -269.5198      -269.5162
ENERGY:  480000         0.0000         0.0000         0.0000         0.0000          -5611.7175       401.4080         0.0000         0.0000       952.7693          -4257.5403       302.6864     -5210.3096     -4255.2614       305.3535             63.9788        88.2562     22604.9885      -217.3098      -217.4396
ENERGY:  485000         0.0000         0.0000         0.0000         0.0000          -5581.5903       380.3450         0.0000         0.0000       922.4431          -4278.8021       293.0521     -5201.2453     -4276.9028       301.0060           -526.3527      -488.6070     22801.8002      -226.3928      -226.3425
ENERGY:  490000         0.0000         0.0000         0.0000         0.0000          -5605.6865       405.8777         0.0000         0.0000       998.2135          -4201.5953       317.1237     -5199.8089     -4199.4221       299.3207            131.1201       131.6114     22487.2632      -206.4993      -206.4978
ENERGY:  495000         0.0000         0.0000         0.0000         0.0000          -5590.5106       431.5413         0.0000         0.0000       939.9181          -4219.0512       298.6037     -5158.9693     -4216.6406       303.0132            305.1649       322.0500     22863.1372      -225.8310      -225.7934
ENERGY:  500000         0.0000         0.0000         0.0000         0.0000          -5537.6013       361.0528         0.0000         0.0000       946.0164          -4230.5322       300.5411     -5176.5485     -4228.2282       305.8524           -686.6315      -675.9044     22851.6551      -248.5854      -248.5740
